2.692234560000000000e+08 1.153930480000000000e+08 1.153930480000000000e+08 6.598910307076266690e-09 6.347079306578962132e-09 -5.744764108861488694e-10
1.153930480000000000e+08 2.692234560000000000e+08 1.153930480000000000e+08 -1.145123218471155724e-09 -1.082730349821758864e-09 -1.646559444345996326e-09
1.153930480000000000e+08 1.153930480000000000e+08 2.692234560000000000e+08 -8.133337336957424668e-10 -7.460131401515468497e-10 -5.943405767538934015e-10
6.598910307076266690e-09 -1.145123218471155724e-09 -8.133337336957424668e-10 7.693195200000000000e+07 2.604344240264566679e-10 5.387048140903516469e-09
6.347079306578962132e-09 -1.082730349821758864e-09 -7.460131401515468497e-10 2.604344240264566679e-10 7.693195200000000000e+07 5.586834814219621137e-11
-5.744764108861488694e-10 -1.646559444345996326e-09 -5.943405767538934015e-10 5.387048140903516469e-09 5.586834814219621137e-11 7.693195200000000000e+07
