2.692234560000000000e+08 3.081353838751965668e-08 1.153930480000000000e+08 6.830290999459975865e-08 1.184437365964186029e-07 1.153930480000000000e+08
3.081353838751965668e-08 -1.562216134232130571e-09 2.692234560000000000e+08 1.500993107583781239e-07 5.728528051918146957e-08 1.153930480000000000e+08
1.153930480000000000e+08 2.692234560000000000e+08 1.153930480000000000e+08 7.580759131542436080e-08 4.997918878757445782e-08 2.692234560000000000e+08
6.830290999459975865e-08 1.500993107583781239e-07 7.580759131542436080e-08 2.913691510286753328e-08 -4.235397454976919107e-08 -1.382449672993795245e-15
1.184437365964186029e-07 5.728528051918146957e-08 4.997918878757445782e-08 -4.235397454976919107e-08 1.538639040000000000e+08 6.694081733371604059e-09
1.153930480000000000e+08 1.153930480000000000e+08 2.692234560000000000e+08 -1.382449672993795245e-15 6.694081733371604059e-09 -3.354777078357074060e-08
